1 1
2 1
3 1
4 1
5 1
6 1
7 1
8 1
9 1
10 1
11 1
12 1
13 1
14 1
15 1
16 1
17 1
18 1
19 1
20 1
21 1
22 1
23 1
24 1
25 1
26 1
27 1
28 1
29 1
30 1
1 2
10 2
30 2
1 3
10 3
30 3
1 4
10 4
30 4
1 5
10 5
30 5
1 6
10 6
30 6
1 7
10 7
30 7
1 8
10 8
30 8
1 9
10 9
30 9
1 10
2 10
3 10
4 10
5 10
6 10
7 10
8 10
9 10
10 10
11 10
12 10
13 10
14 10
15 10
16 10
17 10
18 10
19 10
20 10
21 10
22 10
23 10
24 10
25 10
26 10
27 10
28 10
29 10
30 10
1 11
10 11
30 11
1 12
10 12
30 12
1 13
10 13
30 13
1 14
10 14
30 14
1 15
10 15
30 15
1 16
10 16
30 16
1 17
10 17
30 17
1 18
10 18
30 18
1 19
10 19
30 19
1 20
10 20
30 20
1 21
10 21
30 21
1 22
10 22
30 22
1 23
10 23
30 23
1 24
10 24
30 24
1 25
2 25
3 25
4 25
5 25
6 25
7 25
8 25
9 25
10 25
11 25
12 25
13 25
14 25
15 25
16 25
17 25
18 25
19 25
20 25
21 25
22 25
23 25
24 25
25 25
26 25
27 25
28 25
29 25
30 25
